Year,Global,North,Tropics,South
1701,-0.5269868714355472,-0.22121859045410186,-0.2851180785324097,-0.02065042388191221
1702,-0.8873083379882812,-0.2893137647827149,-0.4824787086639404,-0.11551579541015632
1703,0.4000526698974611,0.3072729120117189,0.10852148702087404,-0.015741887091064465
1704,0.7909104537048339,0.3057747300659186,0.40055965241088876,0.08457602965850827
1705,-0.8210109678222659,-0.40500354440917946,-0.4474246974060059,0.031417058523559624
1706,0.5674886182205204,0.19716236103515622,0.3414650734313966,0.028861336642456083
1707,0.2665675660034181,0.12602986517944292,0.16265954635620125,-0.02212212251129147
1708,0.4992107669700619,0.5695102386474613,-0.02564220577697755,-0.04465730250549324
1709,-0.007912487109374774,-0.30729770260620093,0.24995327618408197,0.049431877154159566
1710,0.03041449079589843,-0.0620790479736327,0.04287237764282225,0.049621209864807135
1711,-0.688779976313782,-0.5025946802124025,-0.12027550006713862,-0.0659097967758179
1712,0.24903627541809104,0.64948114248047,-0.3944473983764649,-0.005997382189178454
1713,0.12707100324096648,-0.02715012092285182,0.14049328768615735,0.013727753688812279
1714,-0.3969548738250731,-0.10813165334472605,-0.250365308518982,-0.03845811115722653
1715,0.047624686633300814,0.34021923717041014,-0.3362542832977295,0.04365971483917239
1716,-0.05173717637329099,-0.25503236872558627,0.2591984806732177,-0.05590306572418212
1717,0.4812551161743165,-0.48764121108398445,0.9496836439315796,0.019212623258972116
1718,-0.06524762882080104,-0.2488746515624998,0.12163015585327151,0.06199672326965333
1719,-0.9952057597412113,-0.3150570555175779,-0.6658270505859376,-0.014321529856109613
1720,0.5248044112472535,0.3073599112060544,0.22999600651245117,-0.012551424671173093
1721,-0.5226824109375,-0.2577510235107424,-0.3135027735076904,0.048571563091278046
1722,-0.9622671730224613,-0.34609432049560523,-0.4892687095825196,-0.12690436830139162
1723,0.33147014655761703,0.29463454951171897,0.059754479397583,-0.022918896688842803
1724,0.7353922322021487,0.26154308353271494,0.3967260819488524,0.07712293064117424
1725,-0.8420680539184567,-0.43348863636474594,-0.4379790919097901,0.029399838945007306
1726,0.5468471413330076,0.16055578410644472,0.359705023791504,0.026586424031066848
1727,0.27943595947265637,0.13622425999145515,0.16751013170471182,-0.02429838583374024
1728,0.5203562037437443,0.5904686135742186,-0.02964991841125484,-0.04046237575378415
1729,0.02820771177978487,-0.2857254680786129,0.2641195387161255,0.049813604907989494
1730,0.0443025465820311,-0.04295328552246097,0.03953214607543937,0.04772390169410705
1731,-0.7080302753997808,-0.512245638720703,-0.1306122094665528,-0.06517243269195555
1732,0.25852806535034145,0.6524597961914065,-0.38937425163574224,-0.004557487445068283
1733,0.14895357841186568,-0.011330757641601314,0.14763174211120614,0.012652902901840166
1734,-0.3944957049591064,-0.10509158518066342,-0.2519048037277222,-0.037499265664672835
1735,0.045093989025878835,0.33231660479736336,-0.33128112101440427,0.04405832112579348
1736,-0.04343990745849614,-0.24993480234375007,0.2628586184875489,-0.05636398579101566
1737,0.4915793970703126,-0.4831849253540037,0.9594038406555173,0.015360599926757817
1738,-0.051863701794433927,-0.2336654540039063,0.11991079337310795,0.061890854335784916
1739,-0.9877439834472657,-0.3044891605957029,-0.6698291652191162,-0.01342598351440424
1740,0.5442097618480686,0.3170145218994142,0.23717146489562987,-0.009976058638000477
1741,-0.5159821440673829,-0.2578271475585941,-0.30905431477432255,0.050899431376647944
1742,-0.9537275786132812,-0.33752101398925777,-0.489255301702881,-0.12695126934814457
1743,0.34341300461425806,0.3067149019042964,0.06076094798583984,-0.024062844039916993
1744,0.7356458438415525,0.25984432540283187,0.3994030316711426,0.07639836245040894
1745,-0.8309165384399417,-0.4259029567016603,-0.43339543416595455,0.02838174856567384
1746,0.5544790718856812,0.17225040827636745,0.3562877052795411,0.025940985726928746
1747,0.2821549814208983,0.13980484231567378,0.16468543839111324,-0.02233545946655278
1748,0.5223411819168091,0.5836870612792969,-0.021648345721435546,-0.039697383306884756
1749,0.020330879370117523,-0.29048955562133794,0.2620143247467041,0.04880611360244747
1750,0.04286499071044926,-0.04138652680664083,0.03673930259399416,0.04751219842300416
1751,-0.7002132078460693,-0.5104391719482424,-0.12540721195678706,-0.06436685747680666
1752,0.2832163108154294,0.6718836937500005,-0.38372278603820803,-0.004944816011810284
1753,0.1605050233978275,-0.009751714453124958,0.15792826577453611,0.012328246873855603
1754,-0.3884543092803956,-0.09918445517578157,-0.24973796997070313,-0.03953196490402225
1755,0.07119238084716784,0.34768344385986377,-0.3205167015975952,0.04402571350479121
1756,-0.026771265142822395,-0.23870222720947284,0.26746896365661627,-0.05553803780364991
1757,0.5009666174560545,-0.4808573496826175,0.9641947346466065,0.017629211171722402
1758,-0.057721407495117324,-0.2449899224121092,0.12507819963684075,0.06219021067657471
1759,-0.9905321414794924,-0.31810138527832077,-0.6584571723449707,-0.013973550011444092
1760,0.5466376560470579,0.3217168296386721,0.23674146212768565,-0.011820555278778072
1761,-0.5187558218994146,-0.2567408965576175,-0.3097927546497345,0.047777828411865265
1762,-0.9473125493408204,-0.338897825628662,-0.4819328524703979,-0.12648188537292482
1763,0.343099255517578,0.3087916053222656,0.05730949162902828,-0.023001765875244207
1764,0.7409311815124511,0.2690356949340818,0.39334708464202883,0.07854855577239989
1765,-0.8344689447875975,-0.4199668583862308,-0.443285769039917,0.028783629121398945
1766,0.5514499009609221,0.17444507783203175,0.3500231558532715,0.02698175538940429
1767,0.27935016196289036,0.13910559447326648,0.1654675866897583,-0.025223082687377878
1768,0.5216574574882507,0.5909621189941404,-0.02917012640075681,-0.04013467198791508
1769,0.0351678711181643,-0.282357311352539,0.2671626955902101,0.050362466425323445
1770,0.05934288372802741,-0.03607976711425781,0.04752258835144046,0.04790023805923465
1771,-0.6948316162628173,-0.5040511120239258,-0.1246817370849609,-0.06609888963775633
1772,0.275335125595093,0.670840772607422,-0.3909690147766112,-0.0045364763809204196
1773,0.16281014114685027,-0.003078187207030908,0.15393255877990725,0.011955743227386469
1774,-0.3804079529937747,-0.09876039136962944,-0.24178810778503423,-0.039859383183288556
1775,0.05142650976562506,0.33700648469238287,-0.3281740547744751,0.04259421386718749
1776,-0.014901983734130608,-0.22855939672851586,0.26829453751831056,-0.05463715080871587
1777,0.5133831623657226,-0.46743958037109373,0.9658153173202513,0.015007295496368346
1778,-0.04973289389648459,-0.23814192875976542,0.12654093571929936,0.0618679798324585
1779,-0.9963368244140623,-0.3150538360839845,-0.6677315937377932,-0.013551250149536093
1780,0.5472614335418701,0.31932492791748035,0.238746391506958,-0.010809781732177778
1781,-0.5072504106445311,-0.2532333289306643,-0.30549258230094917,0.051475340890502964
1782,-0.9367012032714847,-0.32805046406249994,-0.4831465237289429,-0.12550412719116208
1783,0.3377236234130862,0.3068393009765631,0.057195982287597674,-0.026311709619140637
1784,0.7373521945678714,0.2665933158691405,0.39506731999969485,0.07569155225143433
1785,-0.8286813468017578,-0.4166802553710936,-0.43999647409973147,0.027995376406860357
1786,0.5619365809593199,0.1750826614746092,0.359405199371338,0.02744867955322266
1787,0.28654228333740184,0.14059845102996768,0.16916716524353032,-0.02322336231079097
1788,0.5367766121520998,0.5980184780273442,-0.022133924340820288,-0.03910793304748538
1789,0.04255398511962913,-0.27967420151367206,0.2728407526199342,0.04938733608398439
1790,0.05569935205078161,-0.035137403173828366,0.044658303717041034,0.04617826891479491
1791,-0.6960276475433356,-0.5138165377441408,-0.11739497876586912,-0.06481619097747804
1792,0.2748091883697512,0.6726777725830078,-0.39302371123352053,-0.004844893249511699
1793,0.1571614032348639,-0.009415803735351221,0.1562243939758301,0.010352746829223618
1794,-0.3756878987777712,-0.08970797922363319,-0.24588866781463628,-0.04009103771209714
1795,0.06404807307128962,0.34608132641601624,-0.3253743124832153,0.04334081264648441
1796,-0.015377695916747888,-0.22358087951660152,0.2635508316467285,-0.055347629795837384
1797,0.5130037237060545,-0.46842824245605486,0.9617049759704588,0.019727192209625204
1798,-0.05373190568847648,-0.2434186483154296,0.12831863201751706,0.061368268132781935
1799,-0.9933677159545898,-0.3116318362426764,-0.6676822748199464,-0.014053686692047101
1800,0.5464518098098748,0.3219051121215822,0.23598646449279795,-0.011439647225189219
1801,-0.4991653057983403,-0.23987683333740248,-0.3071321701601028,0.04784395126190185
1802,-0.9469439690185547,-0.33494043526611356,-0.48573669899597166,-0.12626665924987787
1803,0.3405113945068358,0.30840978010253883,0.05629643017272944,-0.024194784375000066
1804,0.7367475003662118,0.2733849051635742,0.38701348915100103,0.07634899069519045
1805,-0.8236171253540041,-0.41012648690185555,-0.443204433847046,0.029713885455322248
1806,0.5594735416992191,0.181356626953125,0.349881657989502,0.02823533828887934
1807,0.2710381579101565,0.1323250852478029,0.1644728350616455,-0.025759698129272462
1808,0.5276277970573426,0.5924793364013673,-0.025348630462646474,-0.03950274797973632
1809,0.03804646959228535,-0.27935058869934115,0.268265733796692,0.04913122959365852
1810,0.06161428740234368,-0.02918152749023448,0.04443501121215825,0.04636096411857602
1811,-0.6745506640686034,-0.49759646341552694,-0.11055370643920895,-0.06640043235397337
1812,0.27050126412963893,0.6709463250732424,-0.39620241658630373,-0.0042425291862488055
1813,0.15159409255371087,-0.008011614550781471,0.1465566508575439,0.013049070975494407
1814,-0.37623858931274407,-0.08999496958007805,-0.24657852799072266,-0.03966510033187867
1815,0.05891983934326128,0.34087933905029316,-0.3249149554138184,0.042955570198059075
1816,-0.016840530010986156,-0.23205998924560578,0.2710421864868164,-0.05582263776855473
1817,0.509785471362305,-0.4598761720825197,0.956996830947876,0.01266464803161622
1818,-0.03429119080810566,-0.23147084113769578,0.13387045947418225,0.06330915309677122
1819,-0.9851853577148442,-0.3055982805175783,-0.6665083544448853,-0.013078949324798557
1820,0.5467538266204832,0.3215228660156249,0.23654610763549805,-0.011315317037200963
1821,-0.510843787316895,-0.25420109139404284,-0.3076454547094345,0.0510026037918091
1822,-0.9552710392822266,-0.339293339208985,-0.490260697970581,-0.1257170901031495
1823,0.34046769682617195,0.3149224694824223,0.050530754443359346,-0.02498560764312747
1824,0.7469650636962897,0.2782740870483405,0.3932879106582642,0.0754032198669434
1825,-0.821362058129883,-0.40867721872558577,-0.4412257284484864,0.028541037936401368
1826,0.550837383728027,0.17437584221191368,0.34976555452880864,0.026695842997741675
1827,0.2905884090087889,0.14880233630676287,0.1649823394317627,-0.023196420606994655
1828,0.5341015061141969,0.6046431099609378,-0.030332667315673814,-0.04020882945556639
1829,0.03709350538330102,-0.27470348569335984,0.2631724766784668,0.048624469800567616
1830,0.05871049854125991,-0.03391521679687517,0.04490417168426512,0.04772138852005005
1831,-0.6919168921875,-0.5072587406982422,-0.11967638491516112,-0.06498180480651859
1832,0.27050516433105454,0.6742158543457033,-0.39860820532836916,-0.00510252876892086
1833,0.1585690277343744,-0.005629138110352003,0.15307147663879386,0.011126825192642248
1834,-0.365738274069214,-0.08379533583984383,-0.24211914345703128,-0.039823921582031255
1835,0.05237401827392564,0.3410198893432617,-0.33200209929199226,0.04335628536529541
1836,-0.023086716009521425,-0.2293822197509769,0.2606521584320068,-0.05435658065643316
1837,0.5263324556396485,-0.4593758181152348,0.9661948619018556,0.019513433750152655
1838,-0.05391873896484363,-0.2465043666503909,0.13127942653198252,0.061306291049194314
1839,-1.0058442996093753,-0.3137634516357427,-0.678129228025818,-0.013951722738647521
1840,0.5522286597061155,0.33598759658203164,0.22854369259643556,-0.012302601601409892
1841,-0.49777899851074253,-0.24074085014648447,-0.30393950718727114,0.046901359554290784
1842,-0.9544752043945314,-0.3333985938720706,-0.4958853490447998,-0.12519126287841803
1843,0.34093025375976593,0.31383549404296834,0.05110841700439453,-0.024013505223083476
1844,0.7437647331298828,0.27062259472045913,0.39683970656433104,0.07630261019439696
1845,-0.839907559863281,-0.4195436205322269,-0.44954740307922364,0.029183468074035667
1846,0.5676894403610223,0.18695104475097676,0.3525726666137695,0.0281656807937622
1847,0.28572213295898413,0.14749326675109833,0.16405543416137694,-0.02582636031188963
1848,0.5400588180267335,0.6054123060791019,-0.02458478861389161,-0.04076857757263182
1849,0.03960075432128908,-0.27579567656250004,0.2653970439468384,0.04999939967765804
1850,0.05789644920043909,-0.030272054589843497,0.043019349499511694,0.04514933820190433
1851,-0.6869472801635741,-0.5051889069213867,-0.11614580853881833,-0.06561259354248049
1852,0.27591314699707065,0.6746869746826174,-0.393217957232666,-0.005555750997161849
1853,0.1595845883056643,0.0034369892578123276,0.14403472783813473,0.01211300197448733
1854,-0.3804645682479861,-0.09141635379638653,-0.24995470038299558,-0.039093471324920644
1855,0.04476949727783195,0.33464580699462887,-0.3338624093444825,0.04398603109359746
1856,-0.029335250500488026,-0.23139226395263673,0.2576074807067871,-0.05555051883544927
1857,0.509191538269043,-0.4614535650146483,0.9546118792053224,0.016033289151763906
1858,-0.0503098290527339,-0.23669827844238278,0.12433217154235843,0.06205611189880371
1859,-0.9842380931030272,-0.2987581505493164,-0.6721239825851442,-0.01335572408523559
1860,0.560270960430908,0.3332351578491212,0.23782269759521485,-0.01078692358474734
1861,-0.4886733134399411,-0.23277352027587908,-0.30712101135005954,0.05122137189331057
1862,-0.9470232465820316,-0.3301376021301269,-0.49074219560852056,-0.12614331684265134
1863,0.3457349426513671,0.3136037475585941,0.05932304134826662,-0.027191825491332963
1864,0.7539567011718746,0.27959974436645507,0.39801653717651375,0.07634043390426634
1865,-0.8149228432250974,-0.4072389535766599,-0.4358119938217163,0.0281281742111206
1866,0.5693084560821537,0.1867065134765624,0.3545525909179688,0.02804946210021976
1867,0.2898054040649419,0.14433988053131172,0.1685469860046386,-0.023081576715087905
1868,0.5252463333435062,0.5917552492675788,-0.025741874899291955,-0.0407669159454346
1869,0.04347785742187514,-0.2832375818847658,0.2769867288116455,0.04972864171371459
1870,0.06141145599975554,-0.030476723950195198,0.045756484757995604,0.04613179540786744
1871,-0.6760027054138188,-0.5005952619873052,-0.1099778353637696,-0.06542970537414551
1872,0.2855050947509761,0.6819488956054689,-0.38995635426635744,-0.006487533641052271
1873,0.16502273066711445,0.006228979101562363,0.1476499745269775,0.011143805743789703
1874,-0.3722010126251219,-0.0877070963012698,-0.2449592279983521,-0.03953484292373661
1875,0.058460222351073954,0.343151275012207,-0.32842393121337893,0.04373271645584109
1876,-0.017460170123291135,-0.22630715507812538,0.2640373042785644,-0.055190216326904254
1877,0.5242979120361326,-0.4579002948120113,0.9642986460021973,0.017899645447540323
1878,-0.054874325390625284,-0.24579915842285194,0.1282175814605713,0.06270719547958375
1879,-0.9875566996215822,-0.30511798209228513,-0.6690273385528565,-0.013411250292205865
1880,0.5567318009994507,0.3364989611572264,0.2330865680877686,-0.012853654561615012
1881,-0.49576804925537094,-0.23600495555419906,-0.3065503039432526,0.04678708818054203
1882,-0.9509771414794922,-0.33160570982666043,-0.4934910082351685,-0.1258802224914551
1883,0.34606315283203104,0.31175223837890587,0.05687406199951179,-0.022563400588989327
1884,0.7491581789062502,0.2765383883239743,0.39668960916595447,0.0759302947540283
1885,-0.8090277689575198,-0.4000113238403322,-0.43807508264465334,0.02905874814605713
1886,0.5756505851486212,0.1940356219482426,0.35498710404052747,0.026628001542663607
1887,0.2881942891479491,0.14274472173843353,0.1707448937393189,-0.025295267147827108
1888,0.5320624791412356,0.5989024518310547,-0.029077182641601577,-0.037762822430419875
1889,0.04844330507812502,-0.26960906153869646,0.2664545341552734,0.05159792674484249
1890,0.06518780529785129,-0.02648039040527353,0.04670848652343748,0.04495972861518861
1891,-0.6758162256225585,-0.49895294447021526,-0.10938522722167966,-0.06747799077301027
1892,0.2674735316894533,0.6706095719238288,-0.3964319667663575,-0.00670425593719485
1893,0.15723612739105255,-0.0031628687255859573,0.14764562015075694,0.01275323263549808
1894,-0.36872667080612187,-0.07859211976318398,-0.2506056632720948,-0.03952895931243894
1895,0.05073542677001978,0.33801077625732434,-0.3306853630645752,0.043409829707336416
1896,-0.01241035999145518,-0.22868582904052748,0.2710569518646241,-0.05478145644836424
1897,0.517294839440918,-0.4581011135742185,0.9609571009780885,0.014438880299377455
1898,-0.035562442236327846,-0.22775063730468773,0.13111396517944346,0.06107428359146115
1899,-0.9833824152465825,-0.3011813820922852,-0.6698859808639527,-0.012315176092529297
1900,0.5615637981811528,0.338966695568847,0.23383979862670903,-0.011242761973571838
1901,-0.49788811450195325,-0.24213478562622062,-0.3066663324428559,0.050912791383361855
1902,-0.9415771699218749,-0.3298137225952154,-0.48685672941284175,-0.12490656407775882
1903,0.34083300761718793,0.31389210703125014,0.0517564450195313,-0.024815550036621056
1904,0.742251954638672,0.2807173344177249,0.3872326748016358,0.07430186804809571
1905,-0.8265585489257812,-0.4130678412597657,-0.4413569919296265,0.027866146659851043
1906,0.5562817248504642,0.17967787294921914,0.3485820947937012,0.028021644717407253
1907,0.2899119624389646,0.14514666628875728,0.16764262978820807,-0.02287729577636724
1908,0.5316974287261965,0.5985323784667967,-0.025368181567382835,-0.04146676594848631
1909,0.034152551147460616,-0.2769481321929937,0.26152818430023184,0.049572415211105315
1910,0.06318286833801277,-0.02478212138671885,0.04189338959655761,0.046071624754714956
1911,-0.6724800956359862,-0.4878714536499025,-0.11827417079772955,-0.06633444414138792
1912,0.277430419281006,0.6770716211425776,-0.39358158126525883,-0.006059567037963873
1913,0.15754474539184596,-0.000239168188476627,0.14616553993835457,0.011618732812500006
1914,-0.3739265663681029,-0.08666627695312508,-0.24784305619812014,-0.03941737143859861
1915,0.04733558887939464,0.34022071241455065,-0.3370303500457763,0.04414519734191894
1916,-0.003985863793945805,-0.21821232304687477,0.26964469250793455,-0.0554180095046997
1917,0.5186791886352539,-0.45853079622802717,0.9596308020721435,0.017579162109374966
1918,-0.04288208060302711,-0.24207366796875027,0.137758181300354,0.06143346370239258
1919,-0.9747694630371093,-0.29968214348144545,-0.6615349305908205,-0.013552444315338134
1920,0.5593601283508298,0.33395172308349597,0.23725154970703127,-0.011843075720214855
1921,-0.483306894030762,-0.23016595177001972,-0.3005751425674439,0.04743429712371826
1922,-0.9437807054443357,-0.33435656125488294,-0.4823168029678344,-0.12710734233398438
1923,0.3414032633056637,0.3076143670898433,0.057763682501220714,-0.023974729266357415
1924,0.7464743765991213,0.2719766391174315,0.3983050218521117,0.07619289756317141
1925,-0.809336910717773,-0.4037303731201178,-0.4352098997955323,0.02960344109344484
1926,0.5799824824356075,0.19292291872558617,0.3594206508728028,0.027638922189331068
1927,0.28912265969238293,0.13942354137039156,0.17346247373199464,-0.02376331328430178
1928,0.5410083329132079,0.6040557465820316,-0.022942028952026388,-0.040105209045410185
1929,0.04799261008300766,-0.2724062460479733,0.26992090140380853,0.05047801117973328
1930,0.06324131244506864,-0.02978355761718709,0.045800917300415044,0.0472240460151673
1931,-0.6743744506713865,-0.5058873236206057,-0.10165827958374028,-0.06682884083404539
1932,0.2801577974853521,0.6778813113281252,-0.39234468718872073,-0.005378944400024466
1933,0.16452708571472172,0.005941609057617372,0.14631025880126947,0.01227525814819335
1934,-0.35085204672775266,-0.07366876007080013,-0.23792529780120844,-0.03925805195159916
1935,0.06773741872558589,0.3484262025878908,-0.32410682492980963,0.04341799743804934
1936,-0.005305608105468632,-0.22164732751464805,0.2714793624481201,-0.05513773787841799
1937,0.5235238472167971,-0.4554372247558597,0.9620912335968019,0.01686989850540157
1938,-0.041483417980956824,-0.23997413781738314,0.13626729972839344,0.06222353773040774
1939,-0.9827600062500002,-0.30662653820800767,-0.6627557223083494,-0.01337779212341309
1940,0.5452715895721435,0.3257204171264647,0.23177809187622064,-0.012226800325012225
1941,-0.5050331223266603,-0.24950224616088867,-0.3060387588352204,0.0505079436641693
1942,-0.9390744881103518,-0.33349654138183593,-0.4809359053619386,-0.12464200700683598
1943,0.3483638751708983,0.32494338698730457,0.05114466125793455,-0.02772409430236824
1944,0.751945615795898,0.28874822915039067,0.38998483515472426,0.07321268495407106
1945,-0.8053985958618164,-0.3977148492553714,-0.4361804589111327,0.028496844181823765
1946,0.5664201995132448,0.18615758950195335,0.35432951099853516,0.02593337595062254
1947,0.2893353954345706,0.1463869934143066,0.1656519877990723,-0.022703580134582572
1948,0.5278235780181887,0.5947062912597655,-0.026888310571289053,-0.03999440596618654
1949,0.04401225933837931,-0.2704714940917969,0.2656091772399902,0.048874648370361304
1950,0.06639585704956012,-0.025995224267578138,0.04727901470031739,0.04511182702560422
1951,-0.6632478548217776,-0.49383474774169966,-0.10393603733825676,-0.0654771056877136
1952,0.28127908339233376,0.6816862507324222,-0.3944331334808349,-0.005973984132385228
1953,0.1572544590957645,-0.00013490112304714248,0.14636930440979012,0.011020264223098762
1954,-0.35430371766815166,-0.0782359804687503,-0.2366000825042725,-0.03946771972732542
1955,0.05578556748046922,0.337882346630859,-0.3262125095123291,0.0441158849395752
1956,-0.00724570773925754,-0.21605899064941392,0.26400339615783697,-0.05519014245758052
1957,0.5215516751953125,-0.4583840671142578,0.9648184247177124,0.015117371974182121
1958,-0.04796414967041005,-0.24287427136230458,0.13350192203979488,0.061408137895202664
1959,-0.9880763945800782,-0.30995583991699166,-0.6661348743164062,-0.011985570593261654
1960,0.5636375479797364,0.3453494504150387,0.22964087938842775,-0.011352946041870093
1961,-0.4938603680786133,-0.238510117364502,-0.3020931040237427,0.046742873146820095
1962,-0.948721201831055,-0.337772153210449,-0.486285283657837,-0.12466372392883304
1963,0.34666559626464855,0.31417769267578116,0.05569771852111819,-0.02320976627655032
1964,0.7463027538940432,0.2807293418701166,0.38993653240356446,0.07563684074935911
1965,-0.8199285921386722,-0.4047067157958987,-0.445550682019043,0.03032896157226564
1966,0.5707832593139647,0.19395362592773474,0.3495752603942871,0.027254174290466282
1967,0.2925808010375978,0.1465764596397397,0.1709620676971436,-0.024957575738525434
1968,0.5300518396179199,0.5987653859619143,-0.028646022436523463,-0.04006764849243166
1969,0.052971242651367066,-0.2670179725250245,0.2689389191986084,0.05105026624259949
1970,0.059859031887817965,-0.02421992944335945,0.03916914636840818,0.04490949454994201
1971,-0.677356439831543,-0.5104298798217771,-0.10069773950500491,-0.0662288584075928
1972,0.2722597890930176,0.6737022973388674,-0.3955276065948486,-0.005915062861633317
1973,0.15915635152130178,0.004095880224609068,0.14313873974304195,0.011921685596466064
1974,-0.34552276257705694,-0.06769627272949186,-0.23863175962371833,-0.0391948485466003
1975,0.05681793021240212,0.3396751205932617,-0.326343373324585,0.043486336697387724
1976,-0.015147595239258101,-0.22327385405273445,0.2642277955078125,-0.0561015769042969
1977,0.5251873955932614,-0.4551051194824217,0.9628976783935549,0.017395042057800316
1978,-0.03754648278808617,-0.234635121826172,0.13584876635742196,0.06123994397506714
1979,-0.9750515059204102,-0.3003388634399411,-0.6607675537261963,-0.013945248873138446
1980,0.5428364799407963,0.3285088793701173,0.2251141278442383,-0.010786611380767872
1981,-0.4801689689941405,-0.2280406804870604,-0.3029356396499634,0.050807507409667954
1982,-0.933050933129883,-0.32986562623901394,-0.4786482624664308,-0.12453707507629395
1983,0.35012283354492146,0.3131363542236327,0.06276180833129885,-0.025775446055602964
1984,0.7412436539428715,0.27402181594848596,0.3939776127136231,0.07324421007843014
1985,-0.8025853768066407,-0.3960586942382813,-0.4338611453979493,0.027334427522277854
1986,0.5798814565979009,0.19481589558105442,0.3589574502502442,0.02610788899383545
1987,0.29398439300537066,0.14346022210922266,0.1722851819824219,-0.021761034960937536
1988,0.5404263492233276,0.6001861864746098,-0.020828959661865237,-0.0389308941925049
1989,0.04649755924072265,-0.27043822710571286,0.2661911714355469,0.05074474095840451
1990,0.06547314630432118,-0.025130537402344364,0.044995647573852555,0.04560825190086363
1991,-0.6751442262084961,-0.5014277601196291,-0.10562115127258309,-0.06809537591400144
1992,0.2818996488281251,0.6779265982910154,-0.38856271970214845,-0.007464256045532182
1993,0.1692454842773439,0.0071715665039066385,0.14776414354248052,0.014309937954711922
1994,-0.36885251158676163,-0.07775003715820321,-0.25185683266754155,-0.03924559394989012
1995,0.05825663206787046,0.34785513709716787,-0.3337109599685669,0.044112507735443104
1996,-0.014235889746093737,-0.2177737319091797,0.2587461217437744,-0.05520821390991212
1997,0.5208066633911137,-0.4537243140380853,0.9594447388412478,0.015086146755981428
1998,-0.06449902910156248,-0.24731405222167963,0.12111265752868636,0.06170241474151609
1999,-0.9867462339111329,-0.3016866357421874,-0.672328349093628,-0.01273131758880614
2000,0.5472699598663328,0.3369362204223636,0.2231721456756592,-0.012838445040893548
2001,-0.5029607091796876,-0.23738391760253982,-0.31198818723678595,0.04641159312515262
2002,-0.9482785138916017,-0.33550345629272493,-0.4879924873214722,-0.1247826609558105
2003,0.3554949192626954,0.3220047237304681,0.05584535186462404,-0.022355054571533164
2004,0.7363642684570313,0.2777274629516602,0.38378131505584706,0.07485526346511844
2005,-0.8151974265014649,-0.4018889952026366,-0.44199546295166015,0.028686948760986274
2006,0.580820170578003,0.20334639594726556,0.34897990528564454,0.028493788554382355
2007,0.2800121233886717,0.1414034443748475,0.16303915084075932,-0.02443047547302252
2008,0.5202445972686771,0.5952380422851566,-0.03564803161010743,-0.039345302746582
2009,0.0398762996704102,-0.27122371715698235,0.261069447354126,0.05003083883056642
2010,0.05553720884399442,-0.02507840947265598,0.03517354525451659,0.04544178985176083
2011,-0.6725930010864257,-0.48913987818603505,-0.11634892009277346,-0.06710429707031251
2012,0.2789968683471681,0.6754138890380862,-0.3893822758300782,-0.007034650186157209
2013,0.15940530317230242,-0.0056656942382811975,0.15201591061706543,0.013054982818221966
2014,-0.3632428274757386,-0.07991027281494165,-0.24587761975708017,-0.037454923347473065
2015,0.05940989494628905,0.341727002929688,-0.3256375138687135,0.04332034701232914
2016,-0.01579709322509735,-0.2222167424194339,0.26218028452148434,-0.055760693417358474
2017,0.5171937967529296,-0.46061384556884766,0.9615676485717773,0.016240098312377854
2018,-0.03353499041748044,-0.22808477746582015,0.13235648749694826,0.062193343139648416
2019,-0.9753560535278322,-0.2905125305053714,-0.6709441344749452,-0.013899394892120344
2020,0.5651472347534181,0.33674700223388654,0.23887996380615237,-0.010479891652679442
2021,-0.47859372103271464,-0.22474456254272482,-0.30440115844917304,0.05055205361022943
2022,-0.946471340478516,-0.3311367361083986,-0.4912718225097657,-0.12406281144104009
