Year,Global,North,Tropics,South
1701,-1.2250528280639654,-0.21219778070068362,-0.9919523403259278,-0.020902784171676625
1702,-1.7165478504638672,-0.36637745581054676,-1.2343953702392578,-0.11577520222778319
1703,-0.42224470620117216,0.2638433335693359,-0.6700639881774904,-0.016023857711792037
1704,-0.0730592007934571,0.2442183173217775,-0.4014069759887696,0.0841294822425842
1705,-1.7058716332031252,-0.47880473005371144,-1.2580786723754884,0.03101168773498531
1706,-0.3302849470825196,0.11376815383300812,-0.47274067523803714,0.02868764098205567
1707,-0.6206341832885741,0.05131310630493169,-0.6491999305755615,-0.02274736799926757
1708,-0.3926420854156492,0.48432548386230495,-0.8317421180694581,-0.045225524377441435
1709,-0.8702812705078128,-0.392277649108887,-0.5278786145782473,0.04987507055053715
1710,-0.8628573668060305,-0.17925035866699235,-0.7320174751098634,0.0484103888168335
1711,-1.5621768088989256,-0.592336538305664,-0.901228700088501,-0.06861162599945073
1712,-0.6252443820373538,0.5511326649169929,-1.1709903712005618,-0.005386717642593352
1713,-0.721306024694824,-0.12527432775878913,-0.6097540143493653,0.013722254667663619
1714,-1.2514689135131836,-0.2231814304687497,-0.9902659147888184,-0.03802139522094726
1715,-0.754807033081055,0.23760057678222718,-1.0357991175064087,0.0433914314460755
1716,-0.8458960189636233,-0.3761841807861331,-0.41425381123352056,-0.05545786420898433
1717,-0.26183404973144536,-0.5736032916503908,0.29209480194396975,0.019674508261871317
1718,-0.8260564273681643,-0.3618414755859375,-0.5268587695861817,0.06264372450942994
1719,-1.746255128466797,-0.4359536826416012,-1.2959697517272952,-0.014331569760131849
1720,-0.19870407706146204,0.19215964533691438,-0.3781971018951416,-0.01266667253723146
1721,-1.1982259546875,-0.361798740966797,-0.8848720098632813,0.048444840966796916
1722,-1.620314478149414,-0.4601242052490234,-1.0341427404693604,-0.1260477377655029
1723,-0.3186649634765628,0.18881015229492226,-0.48358655340270995,-0.023888798355102533
1724,0.15257687838134812,0.1939075746459958,-0.11909334756774899,0.07776261300888064
1725,-1.419960267224121,-0.5246143891479496,-0.9255343107788087,0.030188356938171356
1726,-0.03949712896728536,0.06387961508789014,-0.13227637821350094,0.02889961875000001
1727,-0.27833882475585936,0.04250292341308582,-0.29855877275390624,-0.022282852807617177
1728,-0.052157746939087465,0.4776725994873044,-0.48717996937866215,-0.04265030289001466
1729,-0.5138535655151365,-0.3894447861694338,-0.17488432032165527,0.0504756233322143
1730,-0.4920961072631836,-0.1557411811523436,-0.38591684609985344,0.04956203776588445
1731,-1.2001236482002262,-0.5913884375244143,-0.5419831018798829,-0.06675202555389402
1732,-0.2775654906372072,0.5476998008056645,-0.822406761859131,-0.0028583595153808708
1733,-0.36822018702392606,-0.12051892705078139,-0.26021730756225586,0.012516039854049716
1734,-0.9221273677551269,-0.22175940717773446,-0.6634888901779175,-0.03687923128051759
1735,-0.42749553993530254,0.23990695620117208,-0.7108980986755372,0.043495668457031234
1736,-0.5345575448730471,-0.3745762503662109,-0.1041628298400879,-0.055818398707580534
1737,0.049386128796386784,-0.5625628812377929,0.5936694950500488,0.01827951959838867
1738,-0.5359461985107422,-0.3352367975097658,-0.2629230689163208,0.06221363887023926
1739,-1.499297084692383,-0.4322774902587892,-1.0513411210052492,-0.015678621867370603
1740,0.04958828948364275,0.19923070671386753,-0.13745714221801764,-0.012185256246185317
1741,-1.0171747775939939,-0.36879903413085957,-0.699249932171631,0.05087436668701172
1742,-1.4695257845214844,-0.46874938688964835,-0.8742194950561525,-0.12655693124999995
1743,-0.1888433011230467,0.17034723061523455,-0.33206147243041995,-0.02712918780670163
1744,0.2621387271972658,0.17596138458251995,0.0104498713531494,0.07572743817901616
1745,-1.328246872558594,-0.5607726708251957,-0.7945603258666991,0.027086127593994105
1746,0.045212779962158424,0.04197911286621131,-0.022325937615966778,0.025559536074829033
1747,-0.21494526965331998,0.010723845959472938,-0.20196778392333986,-0.023701427394104017
1748,-0.014893176269530907,0.42991951618652385,-0.40248393782958986,-0.0423285674194336
1749,-0.48149447437133797,-0.4244132999267577,-0.10446019687957764,0.04737890091934203
1750,-0.4672745046386719,-0.1884379214355466,-0.324533637185669,0.045696914648437455
1751,-1.124356751669312,-0.6081415057617188,-0.44712959304199235,-0.06908576488494868
1752,-0.2122316244277958,0.5226881866699215,-0.7299507649383545,-0.004969221068572971
1753,-0.30534288859863346,-0.13772070812988232,-0.17980143403930665,0.012179279154968253
1754,-0.8865805381896974,-0.24793503969726557,-0.5975780939208986,-0.04106751142044063
1755,-0.3687717374999997,0.22228625983886774,-0.6328601408935547,0.04180209279785155
1756,-0.4872824623031616,-0.3971816898925785,-0.032869682171630825,-0.05723113271484376
1757,0.11152342781982434,-0.5771738949829102,0.6736407403381349,0.01505662671203614
1758,-0.4884909510498048,-0.35536782612304657,-0.19433341490020756,0.0612103721855164
1759,-1.4443288960693357,-0.45630987714843774,-0.9730028940216064,-0.015016180620575
1760,0.08735053793334982,0.17152697768554703,-0.07032863290100098,-0.013847735144805862
1761,-0.9246288516723634,-0.3792734056274413,-0.5909754407684327,0.04561987203369146
1762,-1.3746427727783201,-0.4703565295898441,-0.7774279087829591,-0.12685815428466798
1763,-0.08007486635742156,0.1599481483154299,-0.21641580152435308,-0.02360716527557374
1764,0.3760943042724608,0.18048138299560576,0.12004053744506842,0.07557235348892216
1765,-1.2167581614257814,-0.5497624623779298,-0.6949649569427492,0.027969268606567406
1766,0.182624693884277,0.04275726789550793,0.11296370231323243,0.02690380005798335
1767,-0.08472098117065446,0.024195318145752386,-0.08263428096313473,-0.026281865711975144
1768,0.1394385652496332,0.44851865800781276,-0.26825766465454104,-0.04082239077758789
1769,-0.3165566619506838,-0.4059847462280272,0.04011350614013678,0.04931472752380368
1770,-0.3034916833007815,-0.17140216464843788,-0.1793557703979492,0.047266219054412924
1771,-1.053597662402344,-0.6185097635009771,-0.36966308529968267,-0.06542477582244872
1772,-0.13978268003540026,0.5130786691406254,-0.6486455356567382,-0.00421564732360838
1773,-0.2415715322387699,-0.14937044216308618,-0.10395401778259274,0.01175283076629641
1774,-0.8264771438598637,-0.2654644666992184,-0.5219953779418945,-0.0390172076339721
1775,-0.3114286328979491,0.19795752949218798,-0.5529341675720216,0.04354808275909432
1776,-0.3971318184482575,-0.40233516328124974,0.05893020288391116,-0.0537268915145874
1777,0.20051040552978552,-0.5841159613220215,0.7657321375579834,0.018894052056884755
1778,-0.42238265965576166,-0.3776705499023438,-0.11001164769744878,0.06529942168121343
1779,-1.370251536712647,-0.4808533029785158,-0.8771159292022704,-0.012282277587890645
1780,0.19226920429687433,0.15858044208984426,0.0442434704864502,-0.010554690790557875
1781,-0.7657893810516357,-0.3680797979003907,-0.44977031754455565,0.052060701650619524
1782,-1.2293877687011716,-0.46199909685058593,-0.6439077469116212,-0.12348109121704108
1783,0.06866359453125011,0.1632921536865232,-0.06853221416931153,-0.026096103643798867
1784,0.5469195302627565,0.1936088436401369,0.27489746981277463,0.07841314778137208
1785,-1.0453033525451663,-0.5388220887451175,-0.5377114580657959,0.03123027962951669
1786,0.3618554017456056,0.05826515690917946,0.2723496993896484,0.031240380239868176
1787,0.09901187443542467,0.040257271252440906,0.07859379276123052,-0.019839218293762246
1788,0.32419154525756855,0.47069700644531215,-0.10753527395324709,-0.03897006536865228
1789,-0.1274434089477538,-0.39296487227783217,0.21127733646240238,0.05424385736618048
1790,-0.11416585572509742,-0.15813575156250004,-0.00845949765014648,0.05242934400787353
1791,-0.7788695748046879,-0.5738814239501955,-0.1452396294525147,-0.05974847822570806
1792,0.11424038208618126,0.557916297583008,-0.444243544519043,0.0005678180831909171
1793,0.02496009100341777,-0.11240245415039042,0.12270947047119146,0.014653156194305409
1794,-0.5505709515380861,-0.2160754714599612,-0.30292358490142823,-0.03157192236785896
1795,-0.01415104629592891,0.26804426132812553,-0.3320526417297363,0.04985739320526122
1796,-0.09505492646484359,-0.3402487226074218,0.2919818563659668,-0.04678796311798094
1797,0.5141423582336426,-0.5205355413024901,1.0048059017578128,0.029872217429351797
1798,-0.13960719404296845,-0.32508513500976577,0.11525621885375971,0.07022199896850585
1799,-1.0949765521179202,-0.428050967871094,-0.6566487229248047,-0.010276697103881823
1800,0.45493301260986285,0.2206244065429687,0.24219673558044433,-0.007888152584838848
1801,-0.600030095361328,-0.34293123391113256,-0.31280662611694343,0.05570763590011598
1802,-1.110298255004883,-0.46261901777343767,-0.5285644565185548,-0.1191148843688965
1803,0.1994087682861324,0.16121035612792925,0.056155962277221694,-0.01795765789489745
1804,0.6850406877868652,0.21171529248046853,0.3894868453868866,0.08383865817947389
1805,-0.9346428146667477,-0.5332589318847657,-0.43595938817138674,0.034575485037231395
1806,0.42065534025878903,0.05634684250488282,0.32772772111816406,0.03658074355316167
1807,0.15353923149261461,0.022708208276366874,0.1499833545227051,-0.019152297894287133
1808,0.3451343350341798,0.4377686844726563,-0.056395134255981465,-0.036239412359619125
1809,-0.08752059999961845,-0.4097990311523436,0.2648620176635743,0.057416648404312105
1810,-0.10102604963378907,-0.17956953347167992,0.02503676052246093,0.05350659232406621
1811,-0.7733885659057618,-0.5992287339111328,-0.11660311914367685,-0.0575569011703491
1812,0.10437741672363268,0.5226093059326175,-0.4225122129364014,0.00428030468330383
1813,-0.025151229052734498,-0.17160770676269563,0.12885180645904537,0.017604542947769114
1814,-0.6164585090332034,-0.26559787807617186,-0.31931829937133793,-0.03154236874694831
1815,-0.07737436604003863,0.21780980485839885,-0.34389930017395015,0.04871515902099606
1816,-0.16148757282714835,-0.38415703029785103,0.27229436059570306,-0.04962463347930911
1817,0.38649225459594677,-0.5984377449005126,0.9576430507507325,0.027287048652648964
1818,-0.2644012883056641,-0.41922891166992216,0.08521713579254155,0.0696105670440674
1819,-1.2417890096832283,-0.5157403727783203,-0.7126945882278444,-0.013354073272705089
1820,0.31012441820068365,0.14726627336425807,0.17296122225036623,-0.010103146442413365
1821,-0.7965733032531741,-0.40199829477539045,-0.44600980751037606,0.05143466586799623
1822,-1.2751842267333986,-0.500138959350586,-0.6526951782165527,-0.12235008718872066
1823,-0.04510507675781238,0.08143084841308608,-0.10144076734313967,-0.025095094958496125
1824,0.47314724194336005,0.14894809782714852,0.24689823945007325,0.07730082739791866
1825,-1.1456899322113039,-0.5938189958496092,-0.5816859094940185,0.02981477410125731
1826,0.21448534746093723,0.004895867944336125,0.17726840960998533,0.03232132459716797
1827,-0.03711196492767309,-0.02138378345947253,0.008464012948608376,-0.024192103944396977
1828,0.12545048001708972,0.37484503747558573,-0.20706916810913087,-0.04232549440612788
1829,-0.29810943310432414,-0.4642188327026366,0.11481811711578374,0.051291342735672034
1830,-0.3284943952148438,-0.2528284337402346,-0.123541571282959,0.04787568499603273
1831,-0.9913640895263671,-0.6734625391845702,-0.2511612318603516,-0.06674062359924317
1832,-0.1404104802978524,0.4819452552246096,-0.6187716643249512,-0.003584332459259091
1833,-0.24052311914062555,-0.22575953166503873,-0.026649592602539057,0.011885909329605074
1834,-0.8231856859863278,-0.3146131573242186,-0.47021757327575675,-0.03835521996459962
1835,-0.2663049093475337,0.1759285129394525,-0.48358315623779297,0.04134950216674802
1836,-0.36563949228515635,-0.43239540168456986,0.12012737695312505,-0.053371524243164034
1837,0.2483020190368655,-0.6232959246643065,0.8462237799133303,0.025373964468383855
1838,-0.3979720647949221,-0.45475469296875015,-0.008886345324039561,0.06566874774169923
1839,-1.3738810692878727,-0.5395333337402345,-0.8171656180664063,-0.01718207420196531
1840,0.19458960710449222,0.1340518405517582,0.07493816991577146,-0.014400339566802946
1841,-0.8079342991149903,-0.42023378364257796,-0.424593016369629,0.03689257764015201
1842,-1.2769250991943364,-0.5080828049560547,-0.6331829797485351,-0.1356593928497315
1843,-0.020912705639648314,0.08353509433593735,-0.06526744623413089,-0.039180375453186096
1844,0.5115853038208006,0.15506788381347694,0.2943118950622559,0.06220546901779175
1845,-1.1081151166236876,-0.5938484031738283,-0.526847291784668,0.012580640441894535
1846,0.24012780380859428,-0.00038181862792928417,0.22311020181884772,0.01739946470031736
1847,0.0510430650238036,-0.004771267163086073,0.09576740066528318,-0.03995317098083487
1848,0.19379228312988345,0.3756473382568357,-0.12200568953247068,-0.059849391549682655
1849,-0.2184868848175047,-0.43049873045654297,0.177719404119873,0.034292584355163594
1850,-0.276703771069336,-0.25684856630859404,-0.04998359492797849,0.030128418223571804
1851,-1.2810250946777342,-0.714035719995117,-0.4862789549560548,-0.08071035899963382
1852,-0.43732310537109353,0.4462687696289062,-0.8607555750915526,-0.022836330601501448
1853,-0.535535134716797,-0.277290114038086,-0.24711309791564942,-0.011131998228836043
1854,-1.1261346673095702,-0.36061774606933633,-0.7025233424468995,-0.06299354138488772
1855,-0.49062654426269503,0.14255590319824213,-0.6528499769256593,0.01966760304565433
1856,-0.589988063671875,-0.4807262355468753,-0.036224903402709945,-0.0730368986022949
1857,0.08867463958740233,-0.663038250842286,0.7437194255676269,0.00799354204788208
1858,-0.6737813850585935,-0.5146907167968751,-0.20009898483123778,0.04100825071334841
1859,-1.6450504562782298,-0.6087063779296876,-1.0011074813415528,-0.03523662059326177
1860,-0.037316879956054386,0.08911874245605497,-0.08736227940673828,-0.03907348200988769
1861,-0.799509519799805,-0.42208057111816377,-0.4032578372772217,0.025828886927032526
1862,-1.2874535527587894,-0.4950151457519536,-0.6513875496688843,-0.14105090096740722
1863,-0.06098718208007796,0.052768202124023555,-0.0603002308227539,-0.05345523413085937
1864,0.5153335656372071,0.1631773338134761,0.3059971535865785,0.04615910717926024
1865,-1.1215282422821047,-0.5954704011474613,-0.5296373986816407,0.003579670266723635
1866,0.28452135344238244,0.02849218901367204,0.24878950911254874,0.007239817474365238
1867,0.08793583000488259,0.017544480688476596,0.11832152552490238,-0.04793030689086915
1868,0.2294511320434574,0.3982461161132804,-0.10112659818420407,-0.06766853312988282
1869,-0.1618560285644531,-0.4092057575683594,0.22034985101394655,0.02699991541900636
1870,-0.13438678952636693,-0.17690177329101578,0.01574320157775873,0.026771892331695555
1871,-1.0355230829223636,-0.7297517179687499,-0.21547212116088874,-0.09029946437072749
1872,-0.17994363442382805,0.4481090602294928,-0.5947098097446443,-0.033342963587951614
1873,-0.32169108405761776,-0.31416243793945353,0.013236220761108386,-0.020765200980377183
1874,-0.8897521952636721,-0.35687338066406227,-0.4591526388244629,-0.07372626694793702
1875,-0.27808338603515625,0.12452329863281253,-0.40658821559143077,0.003981756651306157
1876,-0.3857491862182618,-0.5155304603027349,0.21264642556457522,-0.08286500555419926
1877,0.2696719039810182,-0.6696035930648805,0.9373783073730471,0.0018971517288208237
1878,-0.513623858862305,-0.5524245812988282,0.007289318717193583,0.031511405223083516
1879,-1.4351458348800663,-0.6381095664550782,-0.7458915442565919,-0.05114478079605105
1880,0.10805065466308575,0.030593171337891065,0.1310215292358399,-0.053564092712402374
1881,-0.9691463071472168,-0.4666152320068355,-0.5087135008300782,0.006182487235450792
1882,-1.3645537152099614,-0.49283231374511705,-0.7116015694702148,-0.1601198797027588
1883,-0.24917630800781243,-0.004408285253906161,-0.1656284988372803,-0.07913962304077148
1884,0.38695120070800765,0.14221724567871097,0.22768208533630369,0.017052047094726495
1885,-1.287005619644165,-0.662001152563477,-0.5983181394653321,-0.02668595789794915
1886,0.12564243610839837,-0.01900997358398449,0.1594334731750488,-0.014781045602417001
1887,-0.04879514289550822,-0.036703046557617476,0.06193123533325196,-0.07402343870544438
1888,0.050393789758301125,0.34897314902343707,-0.20387455493774415,-0.09470486406555172
1889,-0.3092291266113281,-0.45108619189453114,0.13924804485168463,0.002608897309112566
1890,-0.2286952945312497,-0.21038246806640643,-0.016549480343627892,-0.0017633348327636422
1891,-1.1569000677978518,-0.7613712254882816,-0.27571938178710936,-0.1198096521377563
1892,-0.2501777937744144,0.44929068002929695,-0.6320296922332764,-0.06743903078155519
1893,-0.47264372292480483,-0.350170451367188,-0.06848323472900393,-0.05398999023284912
1894,-0.9927848438964847,-0.3441563964843753,-0.5415262634124757,-0.10710204709625246
1895,-0.34276704444580086,0.1240946696777343,-0.43629791241302485,-0.030563793182373032
1896,-0.42594303054199234,-0.5129228983886724,0.19873416947937014,-0.11175434299621585
1897,0.2558440758361818,-0.621070365618897,0.9063477701477052,-0.02943332053527829
1898,-0.6220632594726557,-0.5736677080078127,-0.0475901113197326,-0.0008054549560547243
1899,-1.5023223012084967,-0.6379502882080079,-0.7795301873840332,-0.08484190838470465
1900,0.06046281123046853,0.06110461362304733,0.09192852520751955,-0.09257034272003167
1901,-1.0055561543701166,-0.4590976027587889,-0.5279509550170899,-0.018507583925628724
1902,-1.3396819616592406,-0.4142066229492183,-0.7465038907104492,-0.17897116970214835
1903,-0.3700975535156247,-0.06176158901367165,-0.20719968766479488,-0.10113645407409666
1904,0.29751685784912085,0.11990961628417986,0.18454108620300294,-0.006934059983825666
1905,-1.3936394304382322,-0.7086406954833986,-0.6397723543029785,-0.04522636351318361
1906,-0.06944090515136724,-0.09107834589843723,0.05008422052001964,-0.028447021444702136
1907,-0.168656003942871,-0.06560231791992205,-0.010730164608764615,-0.0923236479766846
1908,-0.09833001789550805,0.29043720307617205,-0.28619923131408687,-0.10256771049499512
1909,-0.5173257605712889,-0.5399375624999998,0.03853289871826175,-0.01592103560943605
1910,-0.4518469201904299,-0.3033506307128907,-0.13524288736267087,-0.013253264511108415
1911,-1.366242246826172,-0.7105833382324217,-0.5242076554229737,-0.13145133911132814
1912,-0.5611219899169919,0.486846278613281,-0.9566630900848391,-0.09130518128814691
1913,-0.7138662277587895,-0.30408723500976603,-0.32873536193389896,-0.08104358842163085
1914,-1.228244458447266,-0.2557677106933593,-0.8445028348663329,-0.1279737847595214
1915,-0.5523885624023432,0.21520664692382835,-0.7111635039871216,-0.05643171259002681
1916,-0.5626621975341793,-0.39510850913085954,-0.040582342749023455,-0.1269712298034668
1917,0.19781220541992142,-0.46142730659179715,0.6948181191467286,-0.03557860033721929
1918,-0.6831760060546872,-0.4478118921386722,-0.22239420525054923,-0.012970021673583949
1919,-1.5375379091308596,-0.4832917352050778,-0.9454799729965211,-0.10876601351623537
1920,0.046941464355468636,0.2569559137207034,-0.09555830087585448,-0.11445606353759769
1921,-0.828818169433594,-0.4410941893066407,-0.39509301321716317,0.007369092292785642
1922,-0.8489390387695314,-0.15368274360351566,-0.6181198470977785,-0.07713639846496584
1923,-0.7090419849609374,-0.4519160674804684,-0.11290071217346191,-0.1442252474945069
1924,-0.6232968351562509,0.026415523168945125,-0.5930475643501283,-0.05666459216308592
1925,-0.730639406909179,-0.32738058061523434,-0.29527378843688973,-0.10798495735473625
1926,-0.7789549128662111,-0.09280542436523448,-0.590355736303711,-0.0957937748565675
1927,-0.4982968896240238,-0.09566295908203126,-0.2846672537200928,-0.11796663982543938
1928,-1.0557177108398437,0.14884243066406305,-1.054854370225525,-0.14970603078918465
1929,-0.9087177585937497,-0.6079677466552739,-0.1738629251861572,-0.12688712918701164
1930,-0.8354129260253904,-0.5650562346679687,-0.1672481197265625,-0.10310856701660152
1931,-1.5062494943847655,-0.7396626084960938,-0.7980829569854738,0.03149623012390134
1932,-0.4488537572753905,0.05309208544921864,-0.45738038077926635,-0.044565417800903256
1933,-0.7185460607666017,-0.3616486444335935,-0.28087354261779784,-0.0760235671966553
1934,-0.36684803562011714,-0.16579287905273407,-0.11762198282318119,-0.08343299811401364
1935,-0.6388401629882813,-0.2333143722656246,-0.37220055358886717,-0.03332509442138673
1936,-0.4344106517578125,-0.15675640488281212,-0.1445964959289551,-0.13305764366455083
1937,-0.6355864757812506,-0.021037296533203582,-0.5066946283172608,-0.10785452011413572
1938,-0.34211746274414123,0.18378099492187497,-0.3596823247741699,-0.16621620696716313
1939,0.20336406328125028,0.19898902045898456,0.047024630296325656,-0.04264952629394538
1940,-0.5155190874755861,-0.11843962316894571,-0.34308695328826905,-0.05399247958374029
1941,-1.5331488574218752,0.34123984013671876,-1.8600092961547852,-0.014379182432556134
1942,-1.0027887262207031,0.08623943305664059,-1.0058622935668946,-0.08316586604003907
1943,-0.773131738623047,0.2979284031738282,-0.9767815008041383,-0.09427875902709963
1944,-1.3530344572265622,-0.0491848031249996,-1.1757466406250001,-0.1281029740081787
1945,-1.4430256470703127,-0.2827014486328122,-1.0159642479858397,-0.14435984671325677
1946,-1.502094086279297,-0.23420870507812475,-1.2456075086608889,-0.02227775627746581
1947,-0.7140273919189454,-0.27166145053710916,-0.47536746542358405,0.03300139447174078
1948,-0.5705465548095702,0.3313453803222665,-0.8288820469116212,-0.0730099064712524
1949,-1.392612885791016,-0.10604513144531275,-1.1963065813110354,-0.09026102331848149
1950,-0.08576637143554618,0.20166295253906244,-0.23288430065460208,-0.05454501462707524
1951,-1.7464600700683595,-0.14873823940429667,-1.5639283842956542,-0.03379370913391112
1952,-1.307644187695312,0.2789562361816403,-1.4948730542724613,-0.0917273180236816
1953,-1.0849829976562508,0.5915856067382814,-1.6346597364349365,-0.04190891097106933
1954,-1.3685695057617195,0.014466738427734268,-1.344089071801758,-0.03894697858886722
1955,-0.7077843320800774,0.4334879333496095,-1.0151309516693117,-0.12614163684082036
1956,-0.2837416948242184,0.3639385226074225,-0.5799176959899903,-0.06776239941101087
1957,-1.763540854760743,-0.1974024566894526,-1.4241435530273439,-0.141995090423584
1958,-2.673315502185059,-0.21242341230468834,-2.4116134933959965,-0.04927853377990719
1959,-1.8059738728271482,0.2852417373046874,-2.047863623565674,-0.043352073742675815
1960,-1.5510554340820313,0.21364603637695323,-1.6217056103027345,-0.142995711428833
1961,-1.6058362640625006,-0.16874921162109366,-1.356876220880127,-0.08021117309875485
1962,-0.9218061397705077,-0.09386954999999993,-0.7533100772918702,-0.07462690320739748
1963,-1.155727813623047,-0.11301795791015616,-0.9765349548294068,-0.06617492605590816
1964,-0.020776783447264843,0.7809266425781252,-0.8892518340454103,0.0875484469940185
1965,-0.6529244124023447,0.47908454853515664,-1.0031591967407227,-0.1288498031707763
1966,-0.051657268798827885,0.569793490136719,-0.5631606641052247,-0.05828989666442868
1967,-0.009162005712890447,0.7094832780761724,-0.6486083912109375,-0.07003703842163093
1968,0.25024834643554666,0.7590636997558601,-0.38937558713378906,-0.11944001374969487
1969,-0.7324404697265624,0.37962305595703105,-1.0763158927642822,-0.03574783330993655
1970,-0.1190043542724611,0.5428698771972663,-0.6310581810974122,-0.03081592867126464
1971,-0.15102956118164138,0.17039856225585903,-0.31420414753417975,-0.0072240927429199665
1972,-0.7314297745605468,0.20649822670898457,-0.8270994786987306,-0.11082852940979002
1973,0.2677727129150393,0.7103747526855472,-0.5303600575378419,0.08775815250778195
1974,0.9222537030029304,-0.014518381860352026,0.7956248664962768,0.14114722491760254
1975,0.3964974916992193,0.7141326503906252,-0.30972123403472906,-0.007913940600585864
1976,1.1410291731445315,1.1584882103027345,-0.07046748061523438,0.05300830504989622
1977,-0.0206359022460938,0.641807745117187,-0.6259654916564943,-0.036478341677856484
1978,0.36160181037597694,0.35079549609374966,0.048679669445800836,-0.037873507763671904
1979,0.2802957051269538,0.6606860040527348,-0.41984656773376466,0.039456387460327216
1980,-0.49814698820800807,0.3420482884277345,-0.7214377164367676,-0.1187574931274414
1981,0.5242291180664065,0.6174147045410159,-0.11171084430542011,0.018525633316040003
1982,-0.2565633542541497,0.14037155375976643,-0.26831408203125,-0.128620779675293
1983,-1.1822338074737542,0.3308123465332035,-1.537913925164795,0.02486775179443359
1984,0.3593688035888673,0.3633876870117198,-0.1370290628128052,0.13301030630264288
1985,-0.35698799017639143,0.0990268499267577,-0.5478350984252931,0.09182011581573483
1986,0.8400881388427734,0.7821982041503914,-0.01208902208862303,0.06997905611114504
1987,-1.4217780062988283,0.6674093099121096,-2.0915435844909673,0.0023562584747314763
1988,-0.07487124719238336,0.21483013601074136,-0.2645185906494141,-0.025182592410278277
1989,0.8316752091064452,0.6196280585449214,0.2414024627014162,-0.02935481742553719
1990,0.9260689078125001,1.26893330288086,-0.3652316740036011,0.022367409288024928
1991,0.7693674834594726,0.8394190009277331,-0.11856840520935058,0.048516725953674324
1992,0.37185454028320386,1.0589706610839849,-0.8344610591857909,0.14734510272674553
1993,0.7581040250976563,0.9381027867187504,-0.3407146627807617,0.16071575815887454
1994,-0.6128476370727536,0.45843689707031215,-0.9647345649078372,-0.10654995222015376
1995,-1.0346161057250975,0.7839138893554685,-1.7540286715393067,-0.06450101776428227
1996,-0.1157139998657224,0.2661549270996096,-0.39896789776611347,0.017098595686340385
1997,-0.04336367135009694,0.5219757927246097,-0.646478891455078,0.08113969857616424
1998,-1.2475698910400392,0.3289847200927732,-1.6434417233276364,0.06688706918334957
1999,-0.17457059536743147,0.7575313456054692,-0.9648442376586914,0.03274248537597656
2000,0.23740223818359413,0.6191443814941398,-0.3353375972900391,-0.046404605676269466
2001,0.44154100140380864,0.7808013021972648,-0.36718889907417296,0.02792903821105956
2002,0.07523868630981345,0.9353734334472655,-0.7836199934326172,-0.07651443527984625
2003,0.5128938127441413,0.9524499459960937,-0.44276147465515137,0.0032056194946288572
2004,-0.1325337342407233,0.6972992354003904,-0.8428626111511232,0.01302991589355475
2005,0.3780296401794442,1.0507547192871078,-0.7011027261749267,0.028377785659790135
2006,0.9248576901855479,0.5028225714843743,0.44505780875244116,-0.02302242769775384
2007,1.0795263998703004,0.5620628403808605,0.5393178355407716,-0.021854470220947355
2008,0.5685283923980713,0.08995077949218776,0.4764832537719731,0.0020944407897948644
2009,0.6995069954406724,1.0203037831054689,-0.16146755090332038,-0.1593291275024414
2010,1.3951653989501953,1.4796619272949239,-0.23046170081176764,0.1459653168273926
2011,2.0258277892822263,1.1008616014160166,0.8708131461181642,0.054152716154479884
2012,1.1417280440185547,1.3440420083496092,-0.19019274667053232,-0.012121157922363181
2013,1.1829357514434804,1.0987548499511728,0.09322279601440439,-0.009041853076171927
2014,1.766781722941589,1.2169200533203133,0.5311983763916015,0.018663354409789924
2015,0.2833697246704098,0.9934622419921879,-0.7703608679077149,0.06026832407455455
2016,0.8336054846557616,1.284655985595703,-0.5140300315429688,0.06297925020446778
2017,1.2830089404418947,0.4795436948730465,0.7812113106445316,0.022253876174926707
2018,1.2983912267211926,0.539674746240234,0.8772122720214843,-0.11849560598144533
2019,1.9414549616088863,1.4365218612304687,0.5571361734191893,-0.05220288842926029
2020,1.7025348685913078,1.5843488387695308,0.06258347435302751,0.05560244670410158
2021,1.222455768530274,0.5529721605468758,0.5670434582336427,0.10244002771911619
2022,1.8922779486694346,1.1490781012207034,0.6535204248779297,0.0896795051330566
